780
610
610
610
567
567
567
567
567
567
285
285
285
285
285
285
285
33
33
33
33
33
33
1470
1470
1470
1470
1470
7
7
7
7
439
439
439
439
825
825
825
877
877
877
877
877
877
825
825
825
825
825
825
1102
1102
1102
1102
1102
1227
1047
1047
1047
1047
70
70
70
70
70
1038
1038
1038
1038
1038
3
3
603
33
33
33
33
33
1026
1026
1026
1026
1026
1026
1026
1162
1162
730
730
730
730
987
987
987
987
595
441
441
441
441
441
441
120
120
120
543
543
543
543
543
543
1005
1005
1005
439
93
93
93
93
93
1443
1443
1443
1443
1443
1443
1443
630
630
630
630
630
630
1432
295
295
295
295
925
925
670
670
670
670
670
670
592
592
592
687
687
687
687
493
493
493
493
471
471
471
471
471
1429
1429
1429
117
117
117
117
117
379
379
379
379
379
379
843
843
427
427
315
315
315
315
315
315
360
360
360
360
463
463
463
463
463
3
3
3
3
3
1044
1044
319
319
559
559
559
144
144
687
687
163
163
163
163
1377
1377
1377
1347
1347
1084
1084
1084
1084
1084
1084
1084
112
112
112
112
403
492
492
492
492
492
492
133
133
133
133
537
537
537
537
537
537
709
1086
1086
34
34
34
34
34
711
711
1026
1026
1026
1026
1026
1026
1050
171
171
1006
1006
1006
1437
1390
1390
1390
1390
1390
280
280
280
280
280
280
280
1195
1195
1195
1195
1195
1195
1195
795
795
795
795
795
795
795
1432
1432
1432
1497
1497
1497
1497
1497
1317
1317
1317
1317
967
967
967
967
967
885
885
885
885
120
378
378
378
378
378
1498
1498
1498
1498
1498
214
214
214
214
214
1278
1278
1278
402
402
402
402
402
402
402
174
174
174
174
636
636
1059
460
198
198
198
198
198
198
642
642
642
1263
1263
538
538
538
538
538
538
538
1122
1122
1122
1122
1122
906
906
906
1218
1218
1218
1218
1218
1218
1218
438
400
922
922
48
48
48
48
48
48
48
754
754
754
754
754
754
754
498
1012
1012
1012
1012
1012
1012
1012
784
784
931
502
502
502
502
502
502
502
166
166
1035
1035
1035
1035
1222
1222
1333
1333
1333
1333
576
576
576
576
529
529
529
529
529
658
658
658
658
658
37
37
37
37
786
786
786
786
786
786
786
1389
1389
1389
1389
1389
1389
45
45
45
45
45
45
45
1414
1414
1414
1414
1414
1414
18
244
244
244
34
34
34
34
34
757
757
757
394
394
394
394
394
394
1233
1233
1233
1233
1233
1204
1204
1384
1384
1395
1395
1395
1395
1395
1395
516
1422
597
597
597
597
597
597
324
324
324
243
243
243
243
94
94
94
94
94
1243
1243
1243
1243
1243
1095
1095
1095
1095
1095
1344
1344
1344
1344
1344
1344
747
747
558
558
558
558
558
558
558
301
301
423
423
507
507
1005
1005
1005
1192
1192
1192
1192
1192
1192
492
492
492
492
633
318
318
1041
1041
1041
1041
1041
219
219
219
219
219
219
1332
579
579
1350
1350
1350
1350
1350
1350
79
79
79
79
750
750
1140
1140
1140
1140
814
1342
1342
1342
1342
1342
1405
1405
1405
1401
1393
1096
1096
186
186
186
186
186
186
186
291
291
291
291
291
291
291
48
48
48
48
48
363
363
363
363
1476
1476
543
543
543
543
766
766
766
766
766
712
712
66
66
66
535
535
535
535
535
535
535
237
237
237
237
540
540
540
1449
1449
1108
1108
1108
1108
1108
1228
1228
1228
1228
1228
1228
562
562
562
562
883
664
664
664
664
495
495
495
495
495
495
495
571
571
571
571
571
571
553
553
553
553
553
553
693
693
693
693
693
693
693
1482
1482
511
511
1371
1371
1371
1371
738
738
738
738
618
618
738
411
411
411
942
942
942
942
360
360
360
360
360
360
360
991
1444
913
913
913
1074
1074
423
423
423
423
423
423
907
907
907
907
907
907
135
135
135
135
135
135
135
1344
1344
1344
1344
1344
1344
37
474
474
474
543
543
543
1422
1422
1422
1422
1422
1422
1125
1125
1125
246
246
1207
1207
1207
1207
985
985
985
985
985
985
1365
1365
1365
1365
1444
1444
1444
1444
1444
253
253
253
253
42
42
42
42
42
42
42
1258
1258
204
204
204
204
204
204
342
342
342
342
342
924
924
924
1119
378
378
378
378
378
378
378
1434
1434
1434
1434
1029
1029
1029
1029
1029
1029
447
447
447
447
447
507
507
27
27
27
27
1452
1452
1452
1452
1452
1327
1327
1327
1327
1327
898
898
898
825
825
1249
1249
1249
1249
1249
1498
1498
1498
1498
1498
556
556
556
556
342
342
342
117
117
117
117
117
97
97
97
97
1488
1488
1488
1488
439
439
28
28
28
28
28
28
28
985
985
985
985
1065
1065
1065
1065
316
316
316
316
399
399
399
399
1497
1497
1497
1497
1497
1497
1497
391
391
391
391
414
414
414
414
414
265
265
265
265
265
265
265
1179
1179
1179
1179
1179
1179
1179
520
520
520
520
520
732
732
798
798
798
798
798
798
1458
1458
1038
1038
984
984
984
984
984
984
84
84
474
474
474
474
1330
1330
534
534
534
1176
1176
865
865
865
865
1482
1482
205
205
313
313
934
934
934
934
934
934
934
396
396
241
241
241
241
511
511
511
511
511
511
1140
1140
1140
1140
1035
1035
1035
1035
1035
1393
99
99
99
99
468
468
468
468
280
280
280
280
280
1287
1287
1287
1287
312
312
312
312
312
312
220
435
435
435
435
435
435
360
360
360
360
939
28
261
261
261
1452
1452
1452
1452
1452
1452
1452
1057
1057
1057
1057
1057
1057
1057
1428
1428
1428
688
688
688
688
688
1276
1276
1276
1099
132
132
858
858
858
858
915
915
915
1036
24
24
24
24
24
24
24
1143
1143
1411
1411
1411
1411
1411
1411
1411
285
135
720
27
27
27
27
460
460
235
609
609
609
609
609
609
609
669
669
669
84
84
84
84
84
84
84
684
684
684
684
684
684
85
85
1059
1059
1059
1059
1059
642
642
642
642
1303
1303
1303
1303
1303
1303
366
366
366
366
1128
1245
1245
1116
1116
1116
1116
1116
1116
637
637
784
784
784
1324
1324
1314
1314
1314
1314
1314
1314
1314
934
934
934
934
934
381
865
865
865
865
865
1416
1416
1416
1416
1416
1416
1416
1287
525
525
525
525
525
525
339
339
339
339
339
177
177
642
642
642
642
642
1281
1281
1281
838
838
838
838
838
838
529
529
529
744
744
744
744
744
789
789
789
789
789
1371
1371
381
381
381
381
381
381
381
573
573
573
573
1002
1002
1002
1002
1002
1002
1002
975
975
975
975
462
462
462
462
462
462
1197
1197
270
1462
1462
1462
1462
1462
1462
1462
1056
1056
507
507
507
507
639
639
1189
223
223
223
223
223
880
880
880
880
880
880
1476
96
237
237
237
237
273
273
721
721
432
432
78
78
1248
1248
1411
1411
1411
1411
1411
1411
1411
754
754
754
754
754
754
754
1047
849
849
849
849
849
849
1476
1476
1476
1476
1476
1476
537
537
586
874
874
328
328
498
498
498
1155
1155
1155
1155
1155
1155
129
129
129
129
129
129
1071
1071
1071
1071
303
303
303
303
303
523
523
523
523
523
523
1212
1212
1212
622
622
622
622
622
1461
1461
1461
1461
1461
201
201
201
201
597
597
597
597
597
1407
1407
1407
1407
939
939
939
939
939
939
939
1290
412
412
412
412
412
412
1305
897
897
1060
1060
1060
1060
1060
1060
942
942
942
942
942
16
16
16
16
16
1150
1150
1150
1150
1150
1177
1177
1284
1284
1422
940
940
1293
1293
1293
442
442
442
1485
1485
1485
1485
1485
774
774
774
774
774
774
774
1185
1185
1185
1185
1185
1185
1185
417
417
417
417
417
417
1426
1426
1426
420
109
109
78
78
78
78
78
351
924
924
924
150
150
150
480
480
480
480
480
480
73
73
73
73
73
73
361
361
361
361
1215
1056
1056
1056
1056
1056
1056
1056
555
555
555
555
555
216
216
304
304
304
304
304
304
1245
1245
1245
1245
1245
1245
1245
1386
1386
1386
1386
1230
1230
1230
1230
1230
1230
42
42
42
42
42
42
42
1386
1386
627
627
621
621
621
621
621
621
1425
1425
1425
1002
1002
1002
1002
1002
1152
1152
1152
1461
1461
1461
1461
207
207
207
207
684
684
684
684
684
684
1110
1110
1110
1110
1110
1110
1110
445
445
445
445
445
445
445
537
537
537
537
537
537
954
954
954
954
1405
1405
1405
1405
1405
1405
619
619
619
619
552
552
552
735
735
735
735
735
735
735
574
574
574
574
574
574
574
849
849
849
849
849
849
1269
1269
1269
1269
1269
855
855
622
114
1096
1096
1096
621
685
685
685
685
685
618
618
1201
1201
1201
1201
1201
471
471
471
471
471
471
732
732
465
115
115
115
115
562
562
78
78
78
78
78
78
12
22
894
231
231
231
231
286
286
286
286
286
286
742
742
742
742
742
742
216
216
216
216
216
216
1272
1272
1272
1272
1272
1099
1099
168
753
951
951
951
951
951
951
951
451
199
199
199
63
78
78
78
78
78
969
969
276
276
276
276
276
276
1293
1293
1293
1293
1293
292
292
292
292
292
292
1188
1188
598
598
598
598
598
1129
799
799
799
799
799
799
163
163
163
1476
1476
1476
1476
1476
1186
1186
1186
1186
756
756
756
993
993
342
342
342
342
342
1287
903
903
903
903
903
903
903
1027
1027
1027
1027
1027
1027
1027
1347
1347
660
660
660
1440
1440
1440
1440
1440
1440
1440
1257
1257
246
246
246
246
246
246
246
444
444
444
444
402
402
402
711
118
118
177
177
177
177
177
177
177
286
286
286
286
286
183
183
183
183
183
183
529
529
529
529
529
529
666
127
127
127
127
1080
1317
1317
363
1395
1405
1405
1405
159
159
240
240
240
240
1105
1105
1105
1105
1105
1105
178
178
178
178
1383
1350
1350
1350
1350
1350
1350
402
612
612
612
612
612
612
612
30
30
30
30
133
133
133
133
1227
1227
1227
1227
760
760
760
346
102
1426
1051
1051
1051
1008
1008
1008
333
333
333
333
1474
1474
1165
1165
1165
1165
1165
1165
55
55
55
55
55
55
840
840
840
840
1182
1182
1182
1182
1182
1182
1182
663
162
162
162
162
162
1441
1441
1441
1441
534
52
52
52
52
52
948
948
948
948
1243
1243
1243
1243
1243
1243
255
255
54
54
54
54
54
54
985
1252
1252
1252
1132
1132
198
198
198
177
177
177
274
274
274
274
274
274
1476
1476
1476
265
265
265
265
265
444
444
444
444
1488
1488
1488
1488
1488
1488
1488
478
478
898
898
744
940
940
940
940
940
1245
1245
1245
1245
1245
111
111
111
111
679
679
679
679
679
679
16
16
16
16
375
375
1321
1272
1272
1272
534
534
534
534
450
450
450
450
450
450
450
987
987
987
987
987
960
1093
1093
1026
1248
1044
1098
1098
1098
1098
1098
328
328
328
328
328
328
328
564
1296
1296
1296
1086
1086
1086
1086
1086
409
409
327
327
327
327
327
327
393
1017
1017
1017
1017
1017
1017
1017
144
225
225
225
225
225
225
225
363
363
363
363
363
1224
1224
402
402
331
331
331
331
331
331
331
1332
1332
1332
1332
1332
1197
195
195
195
195
1386
1386
1386
1386
1386
1386
1386
474
474
474
474
474
552
552
552
552
552
552
552
18
18
18
18
18
18
966
966
966
966
966
966
966
1498
1498
1498
1498
97
97
487
729
729
729
729
1149
1149
1179
1179
1179
1179
1179
1179
1179
741
741
531
531
531
531
531
805
805
805
805
805
805
805
390
390
390
1080
1080
1080
1411
588
588
588
588
588
588
588
903
903
903
903
1455
1455
1455
469
469
469
469
387
582
582
1392
1392
801
801
801
801
801
865
865
865
865
865
865
1132
1132
1132
1132
1132
654
654
654
1210
1210
1210
1210
1210
1255
1255
1255
456
456
456
456
30
30
30
30
30
1407
1407
1407
1407
1150
1150
624
624
624
624
624
1383
1383
1383
696
696
696
976
976
976
976
976
976
976
1216
1216
1216
1216
1216
1216
1185
1185
1185
1185
1185
1185
825
825
825
825
825
825
825
282
282
282
390
390
390
390
1197
1197
1197
762
762
762
762
762
543
543
543
543
543
543
495
495
495
495
1339
1339
1339
1339
1339
1339
1339
603
1429
1429
1429
108
108
108
108
108
813
813
1311
1311
1311
1311
1311
45
45
45
45
45
45
45
87
1071
1071
1071
1071
1071
1071
793
793
793
619
619
987
987
354
354
1410
1410
1410
1410
1410
739
739
739
739
534
534
534
534
534
534
1398
774
1429
78
78
78
78
78
150
150
150
150
150
150
150
1146
1146
1146
1146
1146
1146
0
0
0
0
0
0
0
1155
1155
1155
618
618
618
618
618
618
1068
459
459
459
459
459
459
1488
1488
1488
1488
240
240
481
303
303
303
303
303
303
303
411
411
411
1222
1222
1222
1222
1222
1222
1222
789
586
916
916
1413
1413
1413
1413
1413
1413
1413
834
834
834
834
834
834
456
456
456
786
786
786
1215
1215
1215
1215
1215
333
303
303
303
303
303
927
927
1357
1357
1357
1357
1357
1357
1441
1441
1441
1441
169
169
169
169
169
169
169
234
234
1137
1137
1137
1263
1263
1263
1263
1263
48
48
48
1203
1203
1203
1203
1203
1203
957
957
957
957
957
957
303
303
303
1386
1386
1386
1386
142
142
142
142
142
142
834
834
336
336
336
336
336
1180
1180
1180
1180
369
369
369
369
369
369
1288
1288
492
492
492
492
492
1398
1398
1398
9
9
9
9
9
798
798
798
798
798
375
375
375
375
375
288
288
288
1371
1371
810
810
468
468
1203
1203
1203
682
682
682
682
1045
1423
403
403
798
798
798
798
117
117
117
117
117
711
711
711
796
796
796
796
796
270
270
1230
1230
1230
1230
111
111
111
111
111
111
82
82
1222
1222
297
297
297
297
297
1357
1357
813
813
813
229
229
1404
1404
6
6
1254
1254
1254
1254
928
928
928
928
928
78
78
78
78
78
78
78
1087
1087
1087
1087
1087
1087
1087
399
399
910
910
910
910
910
910
691
691
691
1336
1336
1336
1336
1336
1336
1336
960
960
960
960
960
90
90
90
90
90
90
90
717
717
717
717
717
612
612
612
612
612
817
307
307
307
193
193
193
193
1428
468
468
468
102
102
102
1422
1422
1422
1422
1422
1422
1422
735
735
735
735
735
1039
1039
1443
1443
1443
127
127
367
367
367
367
1116
1116
1116
1116
1116
1116
1116
3
3
3
3
711
711
711
711
156
156
156
156
156
156
156
840
55
55
55
55
55
55
916
607
607
607
607
607
607
607
1461
1461
1461
1461
1461
225
225
225
225
990
990
990
990
990
292
292
292
292
292
1146
1146
1146
1146
1146
1146
766
756
756
756
756
598
598
1302
1302
439
439
439
439
439
1419
1419
513
513
513
513
513
1305
1305
1305
1305
1305
856
856
856
856
1410
1410
1410
1410
1410
1410
1410
217
217
217
1314
882
882
882
882
987
987
987
987
987
987
987
1029
1029
1029
1374
1374
1374
1374
1374
1374
1374
735
735
735
735
1075
1075
1075
1075
1420
1420
1420
955
955
955
1248
1248
904
904
904
291
42
42
42
42
804
804
804
804
804
804
244
244
244
244
244
244
244
885
885
1357
1357
1357
1357
162
162
1213
1213
1213
1213
1213
1254
1254
1254
1254
1254
939
939
939
1341
1467
1467
1467
1467
1467
1467
139
139
139
139
139
139
139
477
477
477
477
1483
1483
1483
1483
54
354
354
354
354
354
354
1494
1494
1494
1494
465
465
465
343
343
343
343
343
343
343
1411
1411
1411
219
219
219
1395
1395
1395
1395
1395
355
355
355
355
355
54
54
54
352
352
352
352
352
313
313
313
313
313
909
909
909
444
444
444
444
444
444
444
412
412
412
412
412
4
4
4
4
4
4
4
817
817
822
822
822
822
216
216
216
1497
1497
120
120
120
120
886
886
886
886
1006
1006
1006
1006
1006
1006
414
414
414
414
414
414
414
342
342
342
342
523
523
523
523
523
1423
1423
1423
1423
1423
1423
1423
66
66
66
66
682
682
682
682
682
682
936
936
936
936
936
936
1350
1350
1350
1350
1204
943
943
943
943
943
901
901
901
901
120
120
1009
1009
1009
837
837
837
837
837
837
837
556
745
745
745
745
745
745
745
955
955
955
228
228
228
1191
1191
1191
1191
1171
1171
1171
1171
1171
1171
1171
1276
1306
1306
1306
1306
1306
1306
1306
1221
87
87
87
87
90
90
72
72
576
576
576
576
576
655
655
655
655
655
655
1347
1347
1347
1281
1281
1281
1281
1281
1281
1281
711
711
711
711
711
1020
1020
1020
1020
1020
1020
1152
1152
739
1032
1032
1032
1032
1032
1032
165
165
165
1242
1242
1242
879
879
879
879
1399
1399
1399
1399
1167
1167
1167
1167
1167
1167
1167
637
951
951
951
951
951
951
951
999
999
216
418
418
418
1302
1302
1302
1140
1140
1140
1140
144
144
144
144
144
27
27
27
615
615
615
615
1206
1206
1206
1206
412
412
1197
843
843
843
843
843
1116
1116
1333
1333
1333
1333
1333
438
747
1411
1411
1411
1411
1411
1480
1480
1480
1480
1480
477
477
477
390
390
1284
1284
756
756
369
369
369
369
369
369
369
111
111
111
1423
1423
1423
1423
1423
1423
1270
1270
1270
1270
1270
1270
1270
1432
1432
1432
1432
1432
1432
1432
369
369
369
369
369
369
237
237
237
237
172
172
172
172
172
172
172
1231
555
555
555
555
555
555
555
223
223
138
138
138
138
138
138
1347
1347
798
157
157
157
157
1125
1125
1125
1125
1125
339
339
339
339
339
66
66
1155
135
135
135
135
135
135
1344
1344
1344
1344
1344
1344
1344
820
820
820
1411
1411
1411
1411
1411
1411
1411
1429
1429
840
840
840
840
840
840
840
1143
1143
1143
1143
1143
519
519
519
519
519
519
519
783
783
471
804
804
804
804
804
804
804
1435
1435
1435
135
213
213
213
213
213
213
213
945
534
534
534
534
1479
1479
1479
1479
1479
1362
1362
1362
1362
891
891
891
568
568
568
568
568
568
568
1324
1324
1324
1324
1324
1324
981
981
981
981
981
789
789
789
1065
1065
1065
1065
1065
945
945
945
894
894
894
894
894
894
894
1323
448
324
324
324
324
324
324
324
366
366
366
366
1306
1306
1306
1306
1306
1306
1239
1239
1221
1221
1221
1221
1221
1221
1221
237
237
237
237
681
1068
1068
1068
1275
1275
1275
1275
1275
324
324
324
324
324
1494
1494
1494
1494
285
285
285
285
285
801
945
709
709
709
466
466
466
466
466
781
781
1230
1230
1230
1230
1230
1230
1230
1230
1230
1230
897
897
897
897
150
495
495
495
495
495
495
495
1008
1008
1008
1215
1215
1215
1215
1215
1215
721
721
721
721
721
721
1456
1456
1456
576
1269
1269
1269
1269
1269
1269
235
235
235
235
235
99
99
99
99
99
99
99
1141
1141
1141
1141
1003
1003
1003
1003
231
231
231
231
231
1074
1155
1155
1155
1155
1155
1155
1155
220
220
220
220
220
220
220
1239
1239
1239
1239
1239
1239
288
288
288
48
48
48
48
72
72
72
72
72
48
48
48
570
570
570
1408
1408
1408
1408
396
396
396
396
396
396
642
642
642
1479
1479
1479
1479
1479
750
750
750
750
750
750
183
183
183
183
183
840
840
87
87
87
87
87
87
790
874
274
274
274
274
274
300
300
300
300
300
300
6
6
6
6
6
6
964
964
964
964
72
72
72
72
72
72
72
1417
1417
1417
1417
1417
1417
1417
457
457
457
457
457
457
291
291
291
291
291
93
93
93
93
93
93
93
874
874
1024
1024
78
78
78
78
1072
1072
204
204
204
288
288
288
288
288
945
945
945
945
558
558
558
558
558
558
558
1116
1116
1116
1116
1116
787
787
787
787
787
787
483
483
483
483
483
4
4
4
1392
298
298
298
298
298
298
298
1198
1198
1198
1198
1198
1356
1356
1356
1356
957
957
957
957
240
240
240
6
6
6
6
6
1225
1428
715
715
1075
1075
606
606
1330
1330
1330
1330
1257
696
696
696
696
696
696
696
1300
1300
1479
1479
1479
1059
1059
183
183
183
201
897
897
897
897
897
1176
1176
1176
1176
1176
1176
1176
1452
1452
1452
1452
1290
1290
0
24
24
24
24
898
898
898
898
426
426
426
426
225
225
225
934
1380
1380
378
378
378
378
378
378
378
1086
1086
1086
1086
1086
741
741
741
741
741
1281
1117
1117
1117
1419
69
69
1254
577
577
577
1191
642
642
642
642
642
1434
1434
1434
1434
1434
1434
1434
255
255
738
738
738
738
738
1347
1347
1347
1347
1347
1347
1209
1209
1209
1209
1209
1209
832
832
18
18
18
18
18
18
18
1198
1198
1198
1198
1198
1198
810
1147
1147
1147
1147
1147
1147
883
883
534
534
1474
964
1462
1462
1462
1462
1462
1462
576
576
576
576
576
576
1410
1410
1410
1410
1410
1410
1377
1377
1377
1377
1377
1377
1377
381
381
381
381
102
102
102
102
1008
1008
1231
610
610
610
1296
1296
1296
1296
1296
312
1498
1498
1368
1368
1368
1368
1368
1368
1368
1074
1074
1318
1318
1318
1318
1318
415
415
415
415
1119
1119
1119
1119
420
1488
1488
1488
1488
1488
210
813
813
813
627
627
627
627
627
627
1212
1212
915
633
633
633
726
223
223
223
223
223
223
387
387
387
1342
156
156
156
958
958
958
958
684
684
684
684
684
684
684
300
300
1323
1323
1323
1323
1323
1323
363
363
681
102
102
129
79
79
79
79
79
79
79
66
66
66
1338
522
522
522
522
210
210
210
210
210
210
210
574
574
574
574
574
1467
1467
1467
1467
1467
1467
216
831
1371
1371
1326
1326
1326
1275
1275
679
1305
1305
1305
1305
1305
918
918
918
1456
213
213
213
213
829
829
829
829
1002
1002
1002
1002
1002
1002
1002
100
100
100
381
381
913
913
913
913
913
525
280
280
280
280
280
588
588
588
588
573
573
573
325
325
325
325
840
840
840
840
840
840
897
897
897
897
897
975
975
975
975
489
489
924
924
924
924
924
924
924
733
733
733
733
733
733
123
123
123
129
129
129
129
129
129
172
172
609
609
609
609
609
987
987
987
495
495
495
495
634
634
634
634
634
1341
1341
1341
19
19
1168
1168
1168
1168
1
1
153
153
153
153
153
153
153
1086
1086
1086
1086
673
673
673
673
673
673
1326
1326
1326
1326
1326
781
781
906
906
906
906
906
253
16
16
16
16
552
552
552
1122
1122
1122
1122
1122
1122
85
85
85
85
85
85
1341
1341
1341
1341
1341
1341
852
852
852
1395
1395
1395
595
232
232
232
232
232
915
915
915
915
915
520
520
520
520
520
520
520
612
1125
1125
1125
1125
1125
1125
1042
1042
1062
1062
1062
1062
1062
1062
166
166
166
166
555
1294
1294
1216
1216
1216
1005
1005
1005
1005
1005
1005
1005
1005
552
552
552
552
552
552
351
979
979
511
511
511
511
511
189
189
952
952
952
952
952
745
745
745
745
745
1101
1101
1101
1101
616
616
616
616
807
807
807
820
820
820
820
820
820
241
660
660
660
660
660
660
942
111
285
285
285
285
285
285
285
91
91
91
91
91
1390
594
594
594
594
594
594
1471
480
480
480
480
1098
1098
1098
1098
1098
1098
801
801
801
213
213
213
213
727
727
727
727
727
831
831
1104
1104
1059
1059
1059
1059
342
342
342
342
342
342
342
1155
1155
1155
1155
1155
40
40
40
40
40
40
1210
1210
1210
1210
1210
1210
1245
1245
1245
1245
1245
1245
1245
579
579
471
471
471
180
180
180
180
429
429
429
429
429
429
429
18
18
18
18
18
669
669
1455
129
129
1369
1369
1369
1369
1369
1047
1047
1047
1047
1047
709
709
709
1233
1233
1233
1233
1233
447
447
1401
1401
1401
1401
1401
1491
1491
1491
1491
1491
670
1470
1470
1470
1470
1470
1470
1402
1402
97
97
97
97
97
441
441
952
952
135
135
135
135
996
996
996
996
996
1258
327
327
327
327
327
327
1293
1293
1293
1035
897
897
897
897
897
897
897
1278
1278
1278
1321
1321
12
12
12
12
235
1441
1441
1441
1441
718
718
718
718
718
718
718
333
333
333
333
333
333
1375
1375
1375
1375
1375
1375
1375
1296
1296
327
993
1419
1419
478
478
478
198
1422
1422
1422
1422
1422
1422
1422
1191
231
231
607
607
607
607
607
607
1444
1444
549
549
1438
1438
1438
1438
1438
1438
1438
93
654
654
942
942
942
942
942
942
801
801
273
273
273
273
273
273
1336
1336
1336
1336
21
820
820
820
820
820
1221
1221
1221
696
696
696
696
696
696
696
508
508
393
393
393
393
393
393
393
1060
1060
1060
1060
1060
1060
223
223
223
223
1059
1059
1059
1059
1059
1059
412
412
412
412
412
412
412
457
457
457
457
457
457
457
91
91
363
1198
1198
1198
1198
387
387
387
387
387
67
67
67
67
67
561
561
561
561
808
808
726
1347
1347
1347
1347
1347
1347
1347
670
462
462
462
462
462
462
1482
1482
954
954
954
954
954
954
954
1314
1314
1314
1314
1314
1314
1401
1401
708
708
708
708
708
708
708
1327
1327
1327
531
531
522
522
1281
1281
1281
1281
1128
1128
1128
1128
480
480
480
480
1065
1065
1065
1065
1065
1065
180
180
180
180
691
691
948
948
948
948
948
1008
531
531
1246
417
417
162
162
162
162
984
984
984
1314
1314
1314
1314
1314
1314
1014
1014
1014
1014
1014
1390
1390
1390
1390
837
837
183
183
183
183
1254
1254
1065
1191
1191
1191
363
1033
1033
1033
1033
1033
1033
1110
1110
1110
1452
1452
1452
295
295
528
528
528
528
528
528
933
933
933
933
933
933
933
682
682
682
682
682
682
1336
1336
1336
1336
1336
1336
1336
663
663
663
663
282
282
282
744
744
744
15
15
15
1377
1377
1377
1377
1377
1377
904
904
904
904
1234
1234
1234
1234
1234
1234
631
631
631
631
519
519
519
519
1285
1285
1285
1285
306
306
306
306
306
306
306
1236
1236
1236
1236
1236
1236
1236
1155
1155
1155
1155
1155
1027
1027
1027
1027
1027
1027
522
522
522
1251
1251
1251
891
891
891
891
891
891
660
660
660
411
411
411
411
411
411
411
960
960
1455
1203
1215
1045
1045
1045
1045
1045
1045
750
750
1017
1017
1017
1017
1317
1317
1317
1317
1317
1032
1032
1032
1032
54
54
177
543
543
582
582
582
582
582
582
582
1119
1119
1119
42
42
42
138
990
990
990
990
990
1395
1395
1395
1395
1395
1134
1134
1134
1134
1134
1134
1333
1333
1333
1333
1333
39
39
414
414
414
414
414
255
255
255
399
399
399
399
399
399
399
741
741
741
1128
1128
1128
1128
1128
213
213
213
1320
1320
1320
1320
222
222
222
1456
1456
1153
1153
1153
729
729
729
729
711
711
711
711
1185
1185
699
699
699
541
541
541
541
541
231
231
231
231
231
877
877
877
877
852
852
852
195
195
195
195
195
195
195
1494
1494
1494
1494
1494
1494
510
510
510
510
510
510
645
645
645
645
1320
1320
1236
1236
1236
1236
1236
999
999
1290
1290
1290
1290
345
1275
1275
1431
1431
1431
1431
742
742
742
742
742
592
592
1485
1485
700
700
700
700
700
700
700
972
972
972
972
972
385
385
385
385
385
385
385
961
961
429
429
429
429
429
1074
1074
1074
1074
124
124
124
124
483
483
483
483
483
1147
1212
1212
1212
1212
1212
1212
153
240
240
240
240
1425
582
582
582
582
582
582
582
612
612
612
612
1000
1000
1000
1000
1000
1000
1000
277
277
277
277
277
277
598
598
598
598
598
598
598
799
799
799
799
799
321
1128
225
225
225
225
502
502
502
502
135
135
135
135
135
135
135
1021
1021
1021
1468
1468
1468
1468
469
469
469
469
469
469
469
1080
1080
1299
435
435
435
435
201
201
201
201
201
201
943
930
930
9
9
849
27
183
183
1410
774
774
774
774
774
1374
1374
1374
1374
1374
1374
747
747
747
667
667
667
667
667
486
486
486
486
817
817
817
817
817
1236
1236
19
19
577
577
577
750
750
750
1137
1137
1137
1137
1137
1137
732
1146
1146
1149
1149
1149
1441
1441
1441
1441
1441
957
957
957
957
957
957
1188
1188
183
183
183
603
918
918
918
219
219
219
219
219
1444
1444
1444
1444
1444
1444
1426
1198
1198
1198
1198
1198
1198
13
13
13
13
13
606
606
606
750
750
750
750
750
750
750
1116
403
403
403
403
1455
1455
1455
156
156
156
156
156
156
1381
1381
1381
1381
1123
1123
1123
1123
1123
1020
1020
1020
1020
1020
1020
1402
1402
369
405
1393
1393
517
517
517
517
517
517
517
342
342
342
24
24
24
24
849
849
888
888
888
888
888
888
888
765
765
765
765
765
765
765
1308
1308
1308
1308
1308
1308
565
565
565
565
880
880
880
880
880
880
880
462
462
744
744
744
744
675
675
675
675
675
675
708
708
708
708
708
708
708
183
183
183
183
183
183
1216
1216
1216
1216
1216
1216
1216
489
387
387
387
387
442
442
135
135
135
135
1041
151
1488
1488
1488
1023
990
990
990
990
990
990
990
1140
1140
1140
1140
1140
907
907
907
907
907
907
907
919
919
919
919
919
919
919
183
942
942
942
942
886
886
886
886
886
886
1137
1137
1137
1137
1137
1071
1071
1071
774
774
774
774
774
1041
1041
1041
1041
1041
1041
1041
1324
1324
1324
1324
676
676
676
676
676
676
1155
1155
1155
522
522
82
82
82
82
82
82
1053
1053
1053
1308
1308
867
867
867
867
867
867
1219
1219
1219
606
606
954
103
103
103
1110
1110
1110
1110
1110
1110
1110
102
102
102
102
102
102
744
744
744
744
744
1269
1269
1269
1269
1269
327
327
159
159
159
159
159
597
597
597
357
357
357
357
357
195
195
195
195
195
195
457
457
457
534
534
534
534
534
757
1161
1161
1161
1161
1161
1161
1161
831
831
463
463
463
463
463
43
43
43
43
43
43
43
255
255
255
255
757
757
757
882
882
882
969
969
969
969
1356
1356
1356
1356
1356
1356
1356
903
903
726
769
255
255
255
255
1176
1138
1138
1138
1138
1138
853
853
853
853
853
853
853
726
726
726
726
726
327
327
327
327
1114
28
28
28
28
28
738
738
738
738
927
927
927
927
927
927
927
1176
1176
1176
1176
1176
1176
1279
1279
1279
1279
1279
1279
1279
771
771
771
771
771
1260
1260
1260
1260
1260
1260
1489
1489
1489
1489
1489
1489
1489
180
180
180
180
180
180
289
289
289
289
289
289
289
1482
1482
1482
1482
1482
1482
277
277
1459
1459
1459
1459
1459
1459
768
768
768
768
768
768
768
240
240
528
528
528
1279
708
708
1191
1191
1191
1191
1191
1191
1191
609
609
609
609
609
307
307
307
307
1341
1341
1341
1341
1434
1434
1434
1434
945
945
945
945
250
250
250
882
882
882
843
843
843
843
843
843
633
633
633
633
64
64
64
64
96
96
96
96
115
115
115
240
240
1434
1434
1434
1434
1434
1407
1407
1407
1407
1407
1407
138
138
138
138
1323
1323
1323
1323
331
331
331
331
331
331
331
1210
1210
111
111
111
748
748
748
748
748
1050
1050
1050
1050
1050
1050
894
894
894
894
1092
1092
1092
1092
1176
1176
1176
72
72
72
775
775
552
552
1137
1137
1488
1488
1488
1476
1476
1476
1476
1356
1356
1356
1356
1359
1359
1359
1069
1069
1341
1341
1341
1341
930
930
930
930
1041
1041
1041
1041
1041
1041
639
639
363
837
837
837
837
45
45
45
45
45
1452
1452
1452
1452
1452
1452
330
330
213
213
702
702
702
702
702
1419
1419
1419
45
1422
1323
1323
1323
1323
1323
1323
1180
1180
1180
1180
1180
1311
1311
1311
1311
1311
1311
1311
1341
1341
1341
1341
1341
1341
492
616
616
616
616
616
1335
933
933
933
933
933
1131
1131
1131
1131
1131
1131
949
949
949
949
949
949
1221
462
1455
1242
1242
1242
1242
1242
1242
1317
1317
1317
1474
1474
1474
1095
1095
1095
1095
1095
1095
1008
1008
1008
1008
394
394
394
1302
1017
1017
1017
1017
684
684
684
684
543
543
543
543
942
942
942
942
22
22
22
22
64
64
64
64
64
787
787
787
787
787
787
1209
1209
1209
961
961
1228
1228
1228
1228
1228
124
124
436
436
436
694
900
900
969
969
969
969
969
969
969
535
535
535
535
714
945
945
945
945
945
945
462
462
462
462
462
346
346
1344
1344
1344
1344
1344
1344
600
600
600
600
600
600
1482
1450
1450
1450
810
810
810
78
78
78
78
78
634
634
1335
1335
1335
154
154
154
154
1398
864
864
864
259
259
259
259
259
259
259
339
339
339
339
1197
1197
1335
1335
1335
1335
1335
1335
1335
492
492
1003
1003
1003
1168
1168
1168
1168
1168
1168
1470
1470
454
454
454
454
276
276
276
276
840
840
636
1291
1291
1209
1209
1209
1209
111
111
111
111
783
783
783
783
783
783
783
424
798
798
798
798
798
646
646
646
646
646
646
646
1183
1183
1183
1183
699
699
699
699
699
699
699
72
72
72
72
72
72
574
574
574
574
574
574
1473
1473
1473
363
363
363
363
363
1155
1155
711
711
711
1314
1314
1314
1314
103
465
0
0
0
0
0
0
256
256
256
256
256
1200
1200
1200
1200
1200
1071
1071
1071
1071
1071
1041
1041
1041
1041
1041
1041
405
405
3
3
751
751
751
751
751
198
198
198
198
198
198
198
1191
1191
1050
519
519
519
519
519
1369
1117
1117
819
819
819
726
726
1135
1135
1294
1294
1294
1294
1294
1294
1294
583
583
583
583
583
583
195
195
195
16
16
16
148
148
148
148
148
148
148
1146
1000
1000
1000
840
840
840
840
840
1230
1230
1230
1083
1083
1083
1083
1380
1380
378
378
378
378
378
378
463
463
385
385
385
385
385
385
468
468
468
468
468
598
598
598
598
598
598
598
766
766
766
766
766
766
766
109
109
109
1186
1186
1186
1186
1186
1186
315
501
501
501
1299
198
198
198
198
198
297
297
297
297
865
865
865
865
1188
1188
1188
646
646
937
937
937
558
630
1375
1375
1023
1023
1023
1023
1023
318
310
310
738
738
738
738
639
639
16
16
16
901
901
901
901
901
901
823
823
823
823
823
1273
810
1299
1299
1434
1434
1434
1434
1434
633
633
633
870
870
870
870
870
870
870
34
34
34
34
34
34
34
651
651
651
108
108
108
108
369
369
369
369
369
1384
1384
1384
1384
954
954
954
954
342
576
576
576
459
1440
928
928
1222
1222
1222
1222
69
69
69
69
69
69
69
1237
1237
1237
1237
732
567
567
567
567
567
567
567
1333
1333
1333
1333
1333
1333
1479
1479
1479
1365
1365
1365
1026
1026
651
651
651
651
651
651
759
759
759
759
759
759
759
876
876
93
93
93
93
117
750
750
750
750
750
1293
1293
1293
1293
1293
270
270
270
463
463
463
463
463
463
1008
30
30
30
30
30
30
490
490
522
522
522
522
1252
1266
1266
1266
129
129
129
1119
600
192
853
853
853
853
853
853
855
1066
1066
774
900
450
450
201
201
201
201
184
135
285
285
285
285
207
207
207
207
207
3
3
3
3
3
3
1264
1264
1264
1264
1264
1264
1264
483
483
483
483
483
483
483
1236
1236
1236
1236
1236
1236
1236
786
786
786
786
786
1201
1201
1201
154
154
154
154
154
154
154
106
285
285
285
882
882
310
310
310
310
310
310
310
618
618
618
618
618
618
214
214
214
214
214
802
802
802
802
802
802
802
1318
1318
1318
744
744
744
744
744
250
250
325
325
325
376
376
1434
1434
1434
159
159
159
159
159
159
793
793
793
793
127
127
127
78
132
132
132
798
798
798
798
798
1077
1077
597
597
597
597
597
597
1014
1014
603
531
531
531
531
531
531
763
763
763
205
205
205
205
205
205
523
523
523
523
670
670
670
991
991
991
991
991
991
838
838
838
838
838
838
838
1359
1359
1302
1302
1302
1302
1302
1302
1302
381
381
381
381
381
1158
997
997
997
997
997
297
297
297
1483
1276
1276
1047
1047
1047
1047
1287
760
760
967
967
1311
126
126
126
126
126
126
126
633
633
1461
1461
360
360
360
394
796
796
796
796
796
1422
1422
1422
1422
1422
1422
1422
1278
1278
1278
1278
1278
1278
642
642
642
642
1248
1248
825
825
825
825
825
825
825
1474
943
943
943
943
943
879
879
879
879
879
879
1239
1239
1239
1239
441
1120
1120
1120
769
769
769
769
154
843
843
843
1287
1287
1287
1287
1287
1287
1287
915
915
915
915
1290
525
525
525
525
525
1167
1167
1308
1308
1308
1308
669
669
669
669
462
462
462
462
960
960
1344
1344
1344
1344
1344
1344
1428
1428
1428
1428
1428
1428
1428
396
822
822
822
822
1012
1012
1012
1012
864
864
864
864
864
864
864
742
742
742
742
742
972
972
972
972
972
427
427
427
427
427
427
180
180
180
180
1479
1479
1479
987
987
987
987
987
681
681
681
681
681
681
1467
1467
804
804
804
804
69
69
69
69
69
73
73
73
73
73
73
73
1422
1083
1083
1083
1083
1083
1083
15
1189
936
936
936
936
936
936
936
985
985
985
985
1311
831
831
831
831
636
636
636
1012
1012
1012
1012
1012
1012
1012
816
816
816
816
816
816
816
1203
1203
1203
1203
165
165
165
165
165
165
165
519
519
1491
1491
1491
1491
1491
1491
411
411
411
411
411
508
508
508
508
508
508
508
106
748
748
748
748
748
748
748
1273
1273
1273
1273
1273
1273
1273
367
367
367
367
367
771
564
561
561
561
561
561
561
561
604
604
604
604
604
1027
1027
1027
1027
1027
763
763
1264
1264
1212
399
399
399
153
153
1465
1465
1465
1465
1465
1465
520
520
520
520
520
520
1245
1245
1245
1245
1245
864
864
864
864
864
864
300
300
300
300
300
955
955
955
955
241
241
241
241
241
837
837
837
837
837
837
837
363
1026
1026
1026
1026
240
240
240
240
240
240
1434
1119
1119
1119
1119
1119
1092
1092
1092
1092
1092
274
274
274
400
400
400
400
400
400
400
541
541
631
631
631
631
631
631
631
471
613
613
613
613
469
469
469
469
469
543
543
543
543
543
543
525
525
525
838
838
838
838
838
771
771
771
771
67
1065
1390
739
1221
1221
64
1212
1212
1212
1212
787
787
787
787
603
603
603
1138
1138
1138
1138
1138
1482
1482
1482
1482
1482
1
1
349
349
349
729
729
1270
1270
1270
1270
1270
1270
1270
15
708
708
708
1152
1152
1152
1152
777
777
225
225
225
1402
1402
1402
1402
1227
1227
1227
1227
48
48
48
48
48
48
48
549
549
549
549
549
840
550
550
550
550
550
208
208
208
208
87
87
87
87
87
87
541
541
541
541
100
100
100
100
3
3
3
3
3
3
3
1218
1221
610
721
1137
1137
168
1438
1438
1438
1438
27
27
1236
1170
1170
1170
1170
1170
1170
1170
1158
1158
1158
1158
1158
1158
1158
909
909
1218
1218
1218
1218
1218
1218
207
207
207
207
207
207
294
294
294
294
294
294
294
393
393
393
393
393
393
915
915
915
915
1305
1305
1305
981
64
64
1402
1402
1402
1402
1402
1402
744
744
744
1330
1330
1330
1330
477
477
477
477
885
885
885
885
1090
840
840
840
1182
1182
1101
1101
1101
1101
1101
1101
1101
1359
1359
1359
948
385
385
385
385
385
420
420
420
420
420
420
183
993
372
372
372
372
372
372
478
478
387
387
387
387
387
387
387
1212
1212
1212
1212
1143
1143
1143
1143
1492
1492
1492
1492
1492
1492
1492
828
828
828
828
828
828
828
945
945
414
1140
1140
1129
1129
1129
1129
1129
1129
262
262
262
262
99
99
99
99
99
99
99
883
883
883
883
849
849
849
849
849
849
849
213
213
1243
1243
1243
1243
1243
1243
1243
798
798
798
798
798
609
1395
1395
1395
1395
219
219
219
219
457
457
457
457
457
457
408
408
135
135
135
135
1170
1170
1170
615
615
615
615
615
615
1491
1491
1491
1491
273
273
441
357
1068
564
1260
910
910
96
96
96
96
1176
1176
1176
1176
1176
1176
1176
1296
829
829
829
112
112
112
112
112
112
112
660
829
829
829
829
1177
1177
1177
1177
1177
631
631
631
631
631
631
631
1473
1473
1473
1365
1365
1365
1365
1365
1365
1365
1300
334
334
334
334
334
828
828
828
828
828
511
1383
1383
1383
1383
625
625
625
243
243
243
243
384
384
384
384
384
384
384
1060
1060
1060
1060
1060
1060
1060
82
82
82
1443
1443
1443
1443
1443
1443
1486
1486
1486
1486
1486
1486
825
825
825
825
1215
247
247
247
247
247
247
247
229
358
358
358
358
358
358
784
784
784
784
13
13
13
13
13
1320
1320
1320
1320
1320
1299
1299
1299
1299
489
489
489
225
1447
570
570
720
720
720
720
720
720
1168
1168
1168
705
81
81
373
373
373
373
373
373
1062
411
1350
1350
1350
1350
1350
660
660
660
660
1348
1348
1348
1348
1348
1348
1348
40
40
40
40
40
40
564
564
564
564
564
898
898
898
898
898
267
267
267
267
1309
1309
669
669
627
627
390
390
390
390
390
390
417
417
417
417
1218
1027
1027
1027
1027
1027
1027
1027
1476
1476
1476
1476
1476
1476
1476
333
333
333
333
333
333
475
475
475
475
475
475
766
766
766
766
937
937
937
937
937
937
1351
1351
1351
1351
1351
1351
210
210
210
7
7
765
765
765
1228
369
369
369
369
369
375
375
375
375
375
673
673
673
673
673
645
645
645
645
645
645
645
1347
1347
1347
1347
1347
258
258
258
258
1080
1080
1252
1252
1252
1252
1252
768
430
430
430
430
192
774
774
774
774
774
774
252
252
1326
61
61
61
61
61
61
934
934
934
934
934
549
612
1477
1477
1477
1477
1477
1477
1477
69
832
832
537
537
961
961
961
210
1425
1425
1425
1425
1425
303
303
303
303
303
303
255
255
255
54
54
54
1165
651
867
1467
1467
1467
1467
1467
1201
1201
1201
1201
1201
1308
1308
1308
1272
1272
978
978
978
978
763
763
763
763
763
763
486
879
879
879
879
55
55
55
55
55
1389
1389
1389
1389
919
919
919
919
919
420
420
420
420
420
1092
1092
1092
1092
936
936
936
1441
1248
1146
1146
1146
1146
1146
252
252
252
258
258
258
258
115
115
115
319
319
319
319
915
915
612
612
612
612
612
1479
1275
1275
1275
1275
1275
1275
651
651
651
651
651
1495
433
433
433
433
1401
1401
1401
1401
1401
573
573
573
397
397
397
397
397
397
1116
73
73
637
637
1440
711
711
711
510
510
1014
1014
145
145
1134
1134
1134
1134
1134
1134
1134
99
99
99
99
1395
1395
1395
1395
1395
1395
1395
1240
1240
1087
1087
1087
1087
1087
1087
1087
993
993
1186
1186
529
529
678
678
678
678
678
678
1038
1038
1038
708
708
1089
1089
1089
1405
1405
1405
1405
1405
1405
615
555
555
1437
1437
1437
1437
1437
1437
1393
1393
1393
1393
1393
1393
862
862
862
862
907
907
907
802
802
802
685
685
685
685
685
685
685
549
549
280
280
280
280
280
280
330
330
330
330
330
330
330
574
574
574
574
574
1089
189
1488
1488
1488
1488
856
433
433
433
433
433
768
768
768
768
768
768
768
73
982
982
51
51
51
51
51
51
1132
1132
1132
1132
391
391
574
574
574
574
574
574
427
427
1378
1378
162
162
162
37
37
37
37
751
751
751
751
388
240
240
184
184
184
382
1480
370
370
370
370
1144
1144
1144
1144
1353
1353
1353
1437
21
21
21
21
21
21
21
1038
1038
1038
1038
1038
1293
1293
1293
1105
1473
1473
750
750
750
750
750
750
1345
1345
1345
1345
1345
1345
1345
33
33
33
33
33
33
33
538
538
538
538
186
186
940
940
940
940
940
940
1116
1116
1116
1116
1116
615
615
967
16
16
16
16
16
16
199
199
199
1179
1179
27
1224
1224
1224
1224
1224
1224
793
793
793
793
793
793
793
255
159
159
1204
1204
1204
1204
1204
705
705
705
705
705
705
705
1063
1063
189
189
189
1234
1234
1234
1234
330
330
330
330
330
330
330
240
240
240
234
234
234
234
234
234
814
327
327
327
327
327
1441
1441
1441
1441
1441
436
436
436
436
402
402
426
426
426
426
426
426
426
99
99
472
472
472
472
795
73
852
852
207
207
207
207
207
207
358
358
358
889
889
48
48
81
81
871
871
871
363
363
519
519
160
160
1143
1143
1143
1143
1101
408
408
408
408
1264
1264
1264
1264
1264
999
999
28
28
28
28
28
802
802
802
802
802
802
1077
1077
1077
1077
1077
1077
1077
711
711
711
711
711
1081
1081
1081
1081
1081
1242
1242
762
762
762
762
762
903
903
903
903
903
903
903
418
418
418
418
418
418
1095
1095
1095
1095
306
306
810
1060
1060
1060
1060
1060
1293
1293
1293
1293
1293
1216
1216
1275
849
849
849
849
708
708
708
708
708
463
463
463
463
463
463
463
1428
1485
1485
1485
1485
1485
1485
1308
495
495
495
834
834
834
1228
1228
1228
1228
96
96
96
1413
1413
1413
1413
1413
1425
1425
1425
1425
1425
1425
477
477
477
477
477
477
1437
1437
1437
1437
1437
1437
1437
775
775
775
775
775
775
775
393
747
216
216
216
199
199
199
199
199
199
199
1380
213
213
213
213
213
213
213
1084
1084
1084
1084
1084
1084
1084
498
498
498
967
967
967
967
967
967
967
564
564
564
564
564
564
156
156
156
156
156
156
156
1485
1485
1485
1485
1485
1485
1485
1084
1084
141
51
51
51
51
781
781
781
781
672
361
102
102
633
633
633
1485
1404
1404
189
189
189
571
571
571
571
571
834
834
600
600
600
600
600
979
979
874
874
874
1383
1383
1428
1428
1428
1428
1428
1428
1428
579
579
579
579
579
579
1065
1065
1065
1065
1134
1134
1465
1465
1465
1465
402
402
1134
1134
1134
828
30
1185
1291
1291
1291
1291
435
435
769
769
769
769
769
769
1110
1449
1449
1449
1449
1449
1449
1449
436
436
436
436
903
903
903
436
436
436
436
436
436
90
90
90
90
1299
1299
51
51
51
51
51
51
51
1423
1423
37
37
37
37
37
37
879
1077
1077
55
55
55
55
55
1131
0
0
244
244
244
244
244
244
1092
1092
1092
1092
1092
1092
510
510
510
510
79
79
79
79
79
79
79
342
342
342
936
936
936
936
513
742
72
72
72
72
72
72
1177
1177
1177
1125
1125
1125
1125
1125
1125
210
210
210
210
210
783
783
783
1384
1384
1384
1384
1384
702
702
702
1375
1375
1291
1291
711
711
711
711
711
493
493
493
493
493
493
966
966
966
966
745
786
786
786
1080
1080
1080
1353
1353
1353
1353
1353
1353
1353
648
648
648
1120
1120
1120
1120
1120
1120
955
955
955
916
916
843
843
843
549
549
549
549
549
549
936
936
936
936
153
1332
1332
1332
1332
634
634
634
634
1411
1411
1348
1348
1348
49
49
49
1294
1294
697
697
985
985
985
985
985
1128
1128
1128
471
471
471
1104
1104
1104
1104
852
823
823
823
823
823
201
201
703
1089
1089
1089
1089
1089
1089
1089
886
886
3
3
3
3
3
3
228
228
228
228
228
228
1254
1254
1254
1254
1254
48
48
414
414
414
414
414
414
414
1387
1387
1387
1387
1341
1341
1341
1341
1341
1341
528
528
528
528
528
528
252
252
252
924
1410
87
87
87
87
87
337
744
744
744
744
744
744
486
486
1116
1437
1437
1437
1437
1437
369
1342
1342
1342
1342
1342
1342
1342
441
441
441
1446
1446
1446
1446
1446
645
645
645
645
645
615
615
615
615
615
951
951
951
951
972
1332
1332
1332
1332
1332
454
454
454
156
156
156
156
156
156
156
987
987
1414
1414
1414
802
802
802
802
802
802
802
1276
1276
523
895
895
895
895
895
895
208
88
88
88
88
88
1284
1323
1323
1323
1323
1323
382
820
820
627
1137
832
792
792
348
348
348
348
348
694
1042
1042
1042
564
564
564
795
795
795
1128
1128
1128
7
7
769
769
769
1321
1321
1321
1321
1321
648
648
648
648
648
648
648
567
567
567
1410
1266
1266
1321
1321
1321
1321
1321
687
687
687
687
687
687
687
333
754
754
754
754
754
186
885
885
885
885
885
885
885
1456
1456
730
730
730
171
171
171
171
171
171
171
538
996
996
280
280
280
280
222
222
222
222
222
222
222
873
1060
1060
1060
1060
1060
1060
1060
802
802
802
1119
1119
1119
964
964
337
337
337
337
337
337
348
348
348
348
348
172
172
172
172
720
720
720
720
720
1191
1191
1191
939
939
939
939
939
939
939
1018
1018
1018
1018
1018
205
205
979
979
979
979
979
979
1294
1294
1294
1294
1294
1302
1302
1246
81
81
81
81
81
81
81
330
330
330
330
330
330
330
502
502
502
502
502
502
1432
1432
1432
1432
105
105
105
105
105
214
214
214
214
214
214
1323
1323
1323
1323
1323
1198
1198
1198
1198
1198
456
456
456
208
921
748
748
1137
1137
1137
1137
1137
1137
441
441
441
441
441
441
441
1353
1353
1353
1353
1353
1353
166
166
166
166
468
468
468
468
516
516
660
660
1137
1137
1074
1074
1074
1074
1074
1074
847
847
847
847
847
847
333
333
333
826
826
826
826
826
714
714
714
714
58
58
58
369
369
369
1392
1392
1392
1392
1392
1392
1426
1426
1426
1426
1273
1273
1273
1032
1032
1032
1032
1032
417
1063
1063
1063
117
382
1357
1357
1357
0
0
0
0
0
0
0
471
471
471
471
471
471
672
672
717
717
291
291
291
291
291
291
1071
1071
1071
1071
1071
1071
1320
1320
1320
1320
1320
1320
1320
352
880
880
858
858
858
858
858
858
94
94
94
94
94
94
135
87
87
87
87
87
136
136
136
136
1386
1386
1386
1386
1386
624
624
624
624
624
351
351
351
351
351
432
1182
1182
1182
1182
1182
1182
627
627
627
627
627
1140
1140
1140
1140
1140
1140
1140
280
280
280
280
280
280
1122
1122
1122
1005
1005
1005
1005
754
835
835
835
835
835
835
835
423
423
423
423
486
486
486
486
486
486
486
1140
564
564
564
721
721
1113
1113
1113
1113
1113
1113
1113
1420
1420
1420
1420
831
831
831
831
831
831
1029
441
441
441
57
57
57
57
57
57
57
252
252
252
1332
1332
1332
1332
1332
1332
1215
1215
1215
1215
1215
1215
366
366
366
756
756
756
1134
1134
1134
1134
1134
1134
622
622
622
42
42
42
42
301
301
153
747
747
747
747
96
96
96
96
96
1071
1071
1029
1179
1179
1179
663
993
993
1371
1371
612
612
570
369
369
369
93
93
93
93
1185
1185
1185
1185
1185
1185
1104
1104
1104
1104
892
892
892
892
892
892
892
1302
1302
1302
804
1431
276
276
276
276
276
327
894
894
894
894
894
894
144
144
144
144
144
144
1050
1050
1050
1050
1050
1050
1050
909
258
258
258
258
1444
1444
1444
1170
1170
1170
1170
1170
1170
513
513
513
766
766
766
766
766
766
766
870
870
870
870
870
870
589
589
589
589
1365
1365
1365
1365
1365
1365
1365
372
372
1248
1248
1101
745
745
745
745
745
745
1023
1023
1023
757
757
757
757
757
757
757
864
714
714
714
714
760
760
760
760
760
760
1135
96
96
1143
147
147
147
147
147
147
147
1227
1227
357
357
357
357
357
357
822
822
822
822
822
435
435
435
435
435
435
1218
1023
1023
1023
1023
1023
1213
757
1174
1174
1174
1174
1174
1174
1368
1368
1368
1368
1122
58
58
58
58
58
58
1171
1171
1171
1171
1171
1030
1270
1270
1270
1270
696
696
696
696
696
735
735
735
735
283
283
283
606
606
606
606
606
606
411
411
411
411
411
411
463
1395
1395
1395
1395
1395
808
1125
793
793
793
1359
1359
1323
1323
409
409
519
519
519
519
615
615
615
615
615
615
615
339
268
744
744
744
744
381
381
1311
1311
1311
1311
1311
1311
1311
925
925
183
183
183
183
183
280
280
280
280
280
280
402
402
402
402
289
289
289
289
1095
907
907
907
907
907
907
907
333
94
94
94
94
94
213
213
213
213
213
531
531
531
531
531
531
531
228
228
228
228
228
228
52
558
558
558
273
273
273
273
39
39
39
39
39
291
291
291
291
291
291
685
685
685
685
685
685
685
1153
1153
1153
870
870
363
363
363
363
363
537
537
1381
1327
1327
1327
1327
1327
613
613
613
613
613
613
1101
267
267
267
537
537
537
537
279
279
171
171
975
933
933
1261
1261
1261
1261
666
666
666
666
666
312
1489
1489
1489
1489
1489
1489
1188
1188
1188
1188
1188
1188
63
63
63
63
63
63
1095
1095
282
282
282
165
165
165
126
126
126
126
126
126
1378
1495
1495
1495
1495
1495
1495
1495
1092
1092
1092
1270
1270
1270
1270
1270
1053
1053
1053
1053
1053
1053
1053
18
18
18
18
18
858
858
1252
1252
1252
1252
1252
1252
819
819
819
819
819
1035
1035
1035
1035
1035
1039
1039
1039
1039
1039
1305
622
622
622
622
622
622
1098
1429
1429
1429
1429
1429
1429
304
304
304
888
888
888
334
334
334
1243
1305
1305
1305
978
978
978
978
978
978
978
21
21
21
21
21
21
21
55
55
1207
1414
1414
1414
1414
1414
57
57
1015
1015
1015
1015
1015
1015
568
568
568
568
568
450
450
1134
354
354
354
354
1336
1336
1101
1101
1101
1101
1101
1101
1101
294
294
294
147
147
147
147
147
147
147
664
1246
156
156
156
156
156
156
156
552
762
762
762
762
762
762
762
549
549
549
549
549
549
273
273
273
237
237
237
1290
1290
1290
1290
1290
1431
1431
1431
607
348
804
804
804
1198
1198
1198
1198
1198
1198
895
895
895
895
895
895
711
1290
1290
1290
1290
1290
1122
1122
12
12
1404
1404
1404
810
810
810
810
948
1174
198
198
336
336
336
336
336
336
1353
1353
462
462
1285
1285
1285
1285
1285
1285
642
642
642
642
642
642
621
621
621
621
621
621
43
43
606
606
606
1323
1323
1104
1104
1104
1104
1104
1104
352
352
352
1401
1401
1401
1401
589
589
589
1389
1389
1389
483
483
483
483
483
309
309
309
309
685
685
685
685
685
685
685
427
427
427
427
427
427
409
780
780
780
780
1359
1359
903
903
903
903
903
903
1326
1326
1326
1326
507
507
531
531
531
531
531
531
228
228
228
760
760
760
760
960
310
310
310
310
310
435
381
381
762
9
9
9
9
9
9
1048
1048
1048
1330
1330
1330
1330
1330
1330
1330
127
127
127
1437
1437
1126
1126
1126
1126
1126
1126
1126
589
589
589
589
1408
753
753
753
753
1104
1104
1104
1104
1104
1104
1104
1366
1366
1366
1366
1366
981
981
981
981
1120
1120
1120
1120
1120
1120
1120
784
784
784
304
304
304
304
304
304
304
174
174
174
174
174
120
912
912
912
912
1116
111
111
111
111
111
111
711
711
711
711
711
711
711
471
471
471
471
471
471
471
222
1381
1381
195
195
195
841
841
841
841
841
841
967
967
967
967
967
967
30
30
30
30
30
27
27
27
27
27
990
990
990
990
990
540
540
1359
1359
1359
1359
1359
1359
208
208
208
208
1446
1446
1446
1446
1446
318
603
603
942
942
942
942
792
792
792
792
792
792
792
1143
1143
1143
1366
1366
1366
1366
1366
1366
529
529
832
832
954
954
954
954
954
954
105
105
105
105
469
469
469
469
469
327
327
327
327
1153
1153
1153
1153
1153
277
277
277
277
277
733
733
733
733
733
733
733
1368
1368
1368
1368
1368
1030
1030
1030
1030
1030
543
543
618
1092
1092
1092
1092
1092
490
490
490
490
490
1162
1351
1351
1170
331
300
300
300
804
804
804
804
804
804
702
732
381
574
1323
1323
790
790
790
790
790
790
790
1398
675
675
675
675
526
526
526
1309
1309
1309
1309
1309
1368
1368
1368
1368
1368
1368
1368
574
574
574
574
1206
1206
1206
1206
1210
1210
597
597
597
597
597
597
93
93
93
93
93
93
93
1095
1095
1095
1095
642
642
642
469
469
469
469
469
469
883
883
1338
1338
505
505
505
505
505
505
76
1056
921
921
921
79
79
1152
1152
1152
1152
1152
1152
1026
1026
1026
1026
721
721
726
519
519
519
519
519
337
337
337
337
337
337
337
328
328
814
814
814
814
814
814
372
372
372
372
372
372
3
3
3
3
3
3
202
202
202
1491
1491
1491
1491
1491
1491
864
864
864
490
612
612
612
612
42
42
42
42
42
42
811
811
811
811
649
649
649
649
648
648
1426
1426
1426
1426
1426
1014
1263
961
588
588
588
588
588
588
1098
1098
1098
1098
1098
1098
1098
582
582
582
582
544
1152
1152
1152
1152
1152
1152
1152
1056
286
286
1393
711
877
877
877
877
877
877
1257
1257
1257
1257
1257
1257
1257
201
201
201
294
294
294
294
294
294
1366
448
562
562
399
399
399
399
399
399
723
723
723
723
723
723
417
417
417
417
432
432
432
432
432
432
361
361
361
837
837
837
837
678
678
678
678
733
733
277
277
277
277
277
277
277
1021
1021
1021
1021
1021
339
339
339
339
339
1125
1125
1125
1125
1125
1125
1125
627
693
693
645
645
645
645
645
645
645
724
27
1344
1344
1344
1344
924
1425
1425
1425
1425
1425
1425
1164
1164
1164
1164
1164
1164
1429
1429
1039
1039
1336
1336
880
880
880
880
880
880
180
180
273
273
273
273
273
273
273
741
741
741
1470
1470
1470
1470
1470
1470
1470
975
1410
1410
1438
1438
1438
1438
1438
1438
999
999
999
999
999
999
585
585
585
585
600
600
600
600
600
1378
1378
1299
1299
1083
1083
1083
1083
1083
1083
1083
1177
1177
1177
1177
1177
153
153
153
153
153
153
153
1273
1146
1146
379
379
225
225
225
225
675
675
675
675
675
675
111
111
852
852
852
852
852
852
852
1395
1395
1395
1395
1395
1395
1395
688
1083
1083
379
379
379
379
564
564
564
564
564
1105
1105
1105
1105
1105
1105
277
277
544
544
544
421
421
421
421
421
927
927
24
24
24
24
24
24
24
1251
1251
1251
1251
1251
1251
1251
1455
579
579
579
579
579
579
579
1360
1360
1360
187
187
187
187
187
1479
682
682
682
682
682
682
460
460
460
460
772
772
772
1234
1234
19
19
19
19
19
1155
1155
1155
1155
1155
880
880
880
880
1099
1099
432
432
165
165
165
9
796
796
796
796
1458
1458
1458
1458
37
37
37
1273
1273
1273
1273
1273
1273
1122
1350
606
606
606
606
606
606
606
936
936
936
936
210
210
210
210
513
513
513
513
513
513
513
777
777
501
501
1363
1363
315
315
1189
1189
1189
1189
1189
1176
1176
1176
1176
1252
712
712
712
712
307
307
307
307
880
880
880
880
1407
1407
1407
1407
1407
1407
726
726
726
726
1134
1134
855
855
345
345
345
345
345
810
810
810
810
810
720
720
720
720
720
645
645
645
1093
1093
1093
1093
625
849
849
849
849
849
849
849
682
682
606
606
606
606
363
363
363
363
363
363
48
48
48
48
48
313
313
313
313
313
1209
1209
550
550
550
550
550
325
325
325
820
820
252
1360
1360
1360
1360
1360
555
555
555
555
555
555
555
723
723
1480
1480
1480
1480
1480
1480
1480
1314
1314
1314
1140
1140
1140
1140
1140
1140
1140
1191
1191
1191
1191
1233
1188
1188
1188
1188
1188
1188
1188
1464
1464
1464
1464
1464
1464
492
1443
1443
1443
1443
1443
1443
1215
1215
1215
1215
40
40
40
1026
1026
579
579
579
579
579
579
579
615
556
556
834
834
834
834
834
700
700
700
700
700
700
700
630
630
630
801
1020
1020
124
124
124
124
124
124
918
918
1257
1257
1257
1257
1257
1257
1257
1020
1020
1020
1020
1020
1020
1020
1230
801
801
63
4
4
4
625
625
625
625
625
625
1245
1245
1245
1245
400
400
400
1179
1179
1179
1179
1179
1179
1104
1104
1104
1104
1212
1212
991
991
991
991
991
991
1236
1236
1236
1236
1236
1176
1330
1330
1308
1308
1308
1308
1308
1308
1308
303
303
303
396
396
396
396
396
396
396
234
234
234
1128
1128
1128
1128
1105
1105
1338
1338
1338
1188
1188
84
84
84
910
910
910
675
675
675
675
675
81
81
81
81
81
1498
1498
1431
1242
1242
1242
1242
1242
1242
36
36
36
36
36
36
36
789
789
789
690
690
453
921
921
921
921
861
861
861
861
861
861
192
192
192
192
192
192
1389
1389
1057
1057
1057
1057
1128
1128
1128
874
874
874
168
168
168
168
168
1428
1428
1428
123
922
922
922
922
922
309
463
463
463
1012
1012
1012
1012
1012
1012
870
870
870
909
937
937
937
937
937
1102
1102
690
690
690
690
690
516
516
7
7
7
7
636
636
636
636
636
39
39
39
39
1242
1242
1242
1242
973
973
973
408
408
408
408
408
249
249
249
249
249
249
6
6
6
6
651
651
651
651
651
651
651
987
987
987
67
67
313
27
27
27
27
829
94
823
1467
1467
1467
970
970
970
970
970
970
1096
1096
1096
1096
1096
220
220
220
220
220
220
1417
1417
1417
1417
1417
1417
1417
141
141
141
141
141
667
522
522
522
522
522
259
259
259
259
259
706
1131
1131
1257
1257
1257
1257
391
1411
1411
1411
1411
1411
1411
208
208
208
208
1495
1495
1495
817
817
817
441
441
441
441
138
138
138
138
294
294
294
294
294
294
1380
1380
1101
1101
1101
1101
1101
1101
1101
1078
1078
1078
1078
1078
1078
700
700
862
862
862
862
862
862
862
1122
168
168
1435
1435
1435
1110
1110
1110
1110
1110
994
1068
1068
1068
1068
1068
1068
474
474
474
474
927
927
927
927
927
927
927
255
255
594
594
594
591
591
591
1444
819
1432
1432
1432
1432
1432
1432
1432
37
1185
1185
1185
1185
1185
1185
1036
1036
1036
1036
1036
1036
295
295
295
295
295
295
295
249
249
249
249
249
249
249
1257
1257
1257
1257
1257
1257
1051
1051
1051
546
546
546
27
27
27
27
1426
1426
1426
1426
1426
550
162
162
162
162
162
162
162
1387
1387
1387
1387
1387
1446
1446
1446
1446
67
67
67
67
67
67
969
969
210
210
210
1050
1050
1050
1050
1050
1050
1050
1468
1468
1468
834
834
834
459
459
694
694
694
694
66
66
66
66
66
594
594
594
594
520
520
520
520
520
102
102
102
102
102
102
1312
1312
1312
1312
1189
1189
1189
1189
1189
1189
727
727
967
967
967
967
967
967
316
316
316
316
316
316
1089
1089
1089
1089
1089
1089
1089
1365
1080
1080
1080
156
621
621
621
621
255
255
255
1395
1395
1395
1395
1395
1395
1395
888
888
888
888
10
1011
1011
1011
1011
609
609
609
609
609
609
609
885
885
885
454
454
357
357
357
357
357
357
357
552
552
552
426
426
426
1344
1344
1383
1383
1149
1149
477
477
477
477
1179
1179
1179
1179
1035
1035
1035
1035
1035
1035
376
376
972
972
972
972
972
27
27
27
27
441
441
441
441
441
441
742
742
459
157
157
157
157
157
157
157
361
361
361
361
361
361
361
817
817
483
483
483
483
483
483
483
49
49
49
49
1336
1336
1336
1336
1336
1336
1375
574
420
420
420
637
637
637
637
637
852
852
852
852
852
1063
1063
1063
1063
1269
583
1185
889
889
1042
1042
1042
1042
1042
216
216
216
216
216
1320
1320
1320
349
349
349
445
991
991
991
991
159
159
1002
1488
688
688
688
688
141
141
141
141
1275
1275
198
447
447
1248
1248
1248
1248
1248
1248
1248
1293
1293
1293
1020
1020
1020
694
694
694
694
1191
1191
1443
1443
1443
1443
39
39
39
39
360
360
360
360
360
360
360
1356
1356
1356
1356
1485
1485
1485
1485
1485
288
1251
1251
129
129
129
129
1461
1461
1342
1342
1342
1342
1342
1342
24
24
24
72
72
72
1236
826
826
826
826
826
826
828
828
828
828
502
502
502
502
502
502
502
994
994
994
994
994
994
994
1402
1402
213
213
213
213
213
1311
1311
1311
1311
922
79
79
79
79
79
79
79
1107
1107
1107
1107
1107
1107
1290
1290
1290
1290
1290
1290
1290
70
70
70
70
70
1110
1110
1110
1302
1302
520
520
520
520
520
520
403
403
1413
1413
1413
1413
1413
1308
1039
1039
1039
1039
1039
1254
1254
1254
1254
1254
1254
972
972
972
972
972
972
972
450
450
450
450
450
450
769
769
769
451
451
451
451
451
451
1455
1455
600
600
600
600
52
52
837
837
1375
1375
1375
1375
1375
1248
1248
1248
1248
627
870
870
870
870
1143
1143
934
934
934
934
934
934
75
75
75
75
75
75
555
555
555
372
372
372
372
372
372
372
1113
1113
27
27
27
27
27
27
778
778
1200
1200
951
951
951
951
951
951
951
633
43
43
43
43
43
43
43
999
999
981
981
981
1462
1462
1462
1462
1462
1320
1404
1404
943
943
943
943
943
943
943
1111
1111
969
969
205
205
205
205
205
205
205
1446
1446
1446
1446
1446
1446
256
256
256
675
675
675
852
852
852
138
138
138
138
138
138
138
604
604
604
604
604
604
381
381
381
381
381
1221
1221
1221
1221
1221
1152
1152
1152
1152
1152
1152
1152
1098
1098
27
186
798
258
258
1401
1401
1401
1401
1401
924
675
675
675
675
160
160
160
466
466
466
466
466
567
567
567
567
567
567
1081
1081
1081
1081
1081
1081
1081
420
420
420
420
1095
1095
1095
1095
1095
1095
1380
1380
1380
1380
1380
1380
1380
151
151
625
816
816
816
816
816
816
135
135
795
795
795
795
138
138
138
138
328
328
328
328
309
801
801
801
801
1452
1452
1452
1452
1452
214
214
214
214
214
288
288
288
288
288
288
288
246
246
246
630
633
633
633
633
633
633
633
861
861
861
861
861
861
861
1261
1261
1261
1261
1261
897
897
897
897
420
420
921
921
921
921
753
753
753
753
753
753
753
339
339
339
339
339
339
978
978
1404
1404
1404
1404
1404
1404
709
709
709
709
78
1194
1194
1194
6
6
720
720
720
720
720
720
720
1282
1282
1282
931
931
1308
1308
1260
1260
408
408
1044
1044
1044
1044
1044
394
1455
1455
1455
1455
1486
1486
1486
1486
1486
1486
1486
778
778
778
778
778
1359
1359
510
510
510
510
510
1483
1483
1483
1483
306
306
306
306
306
306
306
1072
1072
1072
1072
1072
1072
1072
1188
639
708
708
708
957
957
957
957
1275
1275
793
793
1080
1080
1080
1080
1080
1080
1080
91
91
91
91
1237
1237
1237
1237
1237
1237
1237
1426
1363
1363
1363
1363
1363
1363
396
396
396
396
72
72
72
72
72
72
1230
1230
1230
1230
1230
1230
1230
750
750
750
750
1329
1329
1329
1329
1329
1329
1329
987
987
987
987
987
589
1333
1333
1333
1333
1333
1333
22
22
216
216
216
216
216
736
736
736
736
736
1299
1299
1299
1246
1246
1246
1246
1246
1246
1246
853
853
45
45
45
45
45
45
45
1020
1020
1020
1020
1020
1020
1020
90
90
90
90
783
783
783
783
783
985
985
985
985
298
298
298
298
298
298
448
448
448
448
448
117
117
117
117
117
117
117
949
949
949
949
949
936
936
936
1299
1299
1299
1299
1299
1299
1299
42
42
42
42
42
42
568
568
568
1242
1242
1242
1242
1242
1242
1242
1173
1173
1173
1173
9
9
9
156
156
816
816
816
816
816
816
549
549
549
549
507
507
486
486
486
1218
1218
882
1407
1407
1407
1035
1035
1368
1368
1368
1368
1368
1377
1377
1377
1377
1344
1344
1344
1344
1344
1344
93
207
207
207
207
207
207
231
231
108
108
108
108
108
1201
1201
1201
1201
411
411
411
411
411
568
1089
1089
271
27
27
27
78
874
874
874
1077
21
21
21
21
592
592
1182
1209
1209
1209
1209
1209
1209
786
786
342
342
342
342
342
342
469
913
913
913
913
913
913
1128
1128
1128
1128
1128
1128
1128
393
393
393
393
393
393
1452
1452
1452
1452
1452
1371
1371
1371
1371
1371
1371
1371
1030
1030
1030
1030
1030
1030
1030
268
268
268
268
268
834
834
834
834
834
60
60
60
60
60
60
316
316
316
316
1204
1204
1204
1383
1383
1383
925
925
925
925
51
51
51
51
51
51
51
1011
1011
1011
1011
1011
1011
1011
1059
1059
1059
1059
1059
1059
1059
1378
177
177
177
7
7
7
7
7
7
72
72
1332
784
784
784
784
784
1470
1470
1470
835
835
835
835
835
195
195
195
195
195
195
195
1242
1242
1242
1242
1242
1276
1276
1276
1266
1266
1266
1266
1266
1266
222
222
1282
1282
1282
1146
1146
1210
1210
1210
1210
1210
1210
1210
639
639
639
103
103
1146
1146
1146
1146
1113
1113
1113
537
537
537
537
174
1299
1299
642
642
642
642
540
168
168
168
168
204
204
553
553
553
204
204
204
204
1012
1012
1012
1012
1012
1245
1245
850
850
816
816
939
939
939
939
939
939
642
100
100
100
100
100
1459
1459
1459
217
217
217
217
217
217
217
577
577
577
577
577
124
124
550
544
544
387
387
387
387
387
387
387
553
268
268
268
268
268
268
199
199
199
199
199
723
723
723
12
12
12
12
12
1084
1084
1084
603
603
603
823
823
736
736
736
736
736
736
1452
1452
1452
1452
796
796
796
796
796
796
796
921
921
921
921
921
921
921
415
415
415
415
415
415
415
1396
624
624
624
624
624
624
193
193
193
193
193
193
1171
810
810
945
945
945
1312
1312
1312
1312
1312
1312
580
580
580
580
580
580
580
207
207
207
207
207
462
462
462
831
831
831
874
874
874
874
874
546
546
546
546
471
1491
1491
318
318
318
318
1462
1462
1462
723
723
723
723
723
93
93
429
429
429
429
429
429
46
46
1018
348
945
945
1467
1467
1467
1467
1467
1293
1293
1293
1293
1293
27
27
27
27
27
27
271
468
468
468
468
468
468
1113
1113
1113
550
241
241
241
241
241
978
972
972
972
972
972
972
972
805
805
805
805
805
805
558
558
558
558
1458
1458
420
420
243
243
243
243
243
1399
1399
1399
1399
1399
1185
1185
1185
1185
1185
429
429
429
525
918
475
475
694
694
694
694
694
694
283
1267
1267
1267
1267
1267
1267
1267
1404
1131
1131
1131
1131
1131
180
180
180
180
180
180
721
721
1071
1071
1071
1071
427
427
427
427
1242
1242
1242
571
571
571
571
571
708
135
135
135
135
135
676
676
676
676
1293
1293
1293
1293
1293
222
222
1435
1435
1435
1435
1435
1435
1435
466
466
481
481
481
481
270
306
306
306
306
231
231
231
1257
1257
1257
1257
226
226
226
1302
1302
1302
405
405
405
405
405
951
951
951
951
951
951
1299
252
252
252
252
252
252
252
1275
1275
1275
1275
1275
1275
1159
1159
1159
1159
1159
1159
1159
1240
879
879
879
879
879
1260
1260
1260
1260
1260
1450
1450
1450
1450
147
183
183
183
183
183
183
183
850
850
850
850
850
850
181
181
181
181
181
181
792
792
792
1212
1212
1212
1212
1212
207
207
207
207
177
177
931
931
931
931
1317
1317
1317
1317
1317
1317
897
897
831
831
831
831
132
588
588
588
588
588
588
588
1219
516
516
826
651
651
651
651
651
651
651
805
805
649
649
649
649
1158
1158
1089
1089
1089
1089
1089
1089
1248
1212
1212
1212
1212
1212
256
256
256
256
1158
1158
1158
745
745
745
745
745
745
888
888
135
135
135
852
852
852
852
226
226
657
657
657
657
657
657
295
295
295
295
1093
1093
738
738
738
738
966
966
966
966
966
966
966
105
105
105
105
105
105
579
579
579
579
579
579
579
1032
1032
1032
822
822
316
316
316
316
316
1383
1383
1383
1383
1383
807
807
807
807
807
1306
1306
1306
1306
1306
1306
594
594
594
594
594
1371
1371
1371
1371
561
561
561
561
561
1197
1197
825
825
825
51
87
87
87
87
87
87
1083
1083
1083
1083
1083
105
105
105
105
105
105
675
675
675
1390
1390
1390
1278
1278
1278
1278
1278
598
598
598
598
64
804
804
351
351
351
351
351
396
1413
1413
76
718
577
1054
1054
1054
1054
1054
210
901
901
165
165
165
165
165
165
165
1278
1278
1278
1221
1221
243
243
243
243
552
552
552
552
552
769
769
769
769
769
769
906
906
213
213
213
213
213
900
900
900
900
354
1489
739
739
739
739
739
804
804
804
804
804
804
804
931
931
931
931
931
931
588
588
322
322
322
322
322
322
564
1488
1488
1488
1488
1488
1488
1057
1057
1057
1057
1057
1057
450
450
52
540
297
297
297
129
636
636
636
301
301
301
919
919
919
919
919
919
919
795
795
795
795
1026
1026
1026
1026
1026
429
429
429
1041
211
211
211
211
211
1389
1389
924
924
603
876
876
876
402
402
402
1252
1252
1252
103
103
321
321
321
321
321
321
120
120
120
120
120
1074
1074
1074
1074
1074
1162
1162
1162
147
147
18
18
18
1413
351
351
351
351
351
351
351
351
351
351
351
1218
1494
1494
1318
1318
1318
1318
1318
1318
633
633
633
633
120
120
120
120
763
763
763
763
763
763
763
276
798
798
847
847
847
1071
1071
1071
1071
1071
1051
1051
1051
1051
1051
1051
1051
1101
1101
1101
838
838
838
838
838
838
838
879
879
879
879
879
1287
1287
1287
1287
1287
1287
1287
1119
1119
1119
594
594
594
453
453
453
1068
1068
624
624
624
624
624
624
624
930
930
930
930
930
930
1461
6
6
6
153
153
153
153
153
153
19
19
19
19
19
19
19
1041
1041
1041
82
177
598
598
598
3
1051
1051
1051
586
586
586
586
586
586
586
439
439
439
439
439
960
960
960
960
1201
703
703
703
703
1374
1374
1374
1374
1374
1374
60
363
363
363
363
363
363
363
1245
1245
1245
1245
99
99
99
99
99
192
192
192
192
192
192
265
265
265
1272
1272
1272
1272
1272
1272
1272
54
54
54
54
54
54
54
1453
1453
1453
1453
1453
786
786
786
786
903
903
903
903
903
1077
1077
1077
1077
1077
471
471
471
471
471
471
471
1123
1123
1123
240
240
240
240
240
717
717
717
717
717
717
9
9
9
9
1246
3
3
3
3
3
1413
1413
1450
1450
1450
1450
1450
1450
1435
1435
1435
1435
630
975
666
666
685
945
945
1128
1128
1128
1128
399
399
399
399
399
399
339
339
339
339
750
750
750
478
478
135
1101
1101
1101
840
840
840
840
840
840
840
1302
1302
727
727
727
727
727
1276
1276
424
424
424
424
424
424
424
1408
1408
1408
1408
1408
1498
1498
1401
1401
903
903
903
903
903
903
903
33
33
33
33
33
33
349
349
349
349
349
349
349
1329
1329
714
1407
1407
1407
1407
456
456
456
210
210
210
210
210
210
174
174
174
372
372
372
822
822
822
822
1135
1120
1120
1120
1120
1120
288
288
288
777
777
777
987
987
987
871
871
871
871
871
871
871
783
783
783
783
103
103
103
103
103
103
1101
1101
1101
1101
1407
1407
397
397
397
397
397
397
397
792
792
792
792
838
838
234
234
234
18
18
18
18
18
345
345
345
150
150
150
150
150
150
1077
1077
1077
657
657
657
657
657
585
585
585
585
585
585
726
726
726
726
726
726
726
226
226
226
199
199
199
199
199
138
138
138
138
138
634
634
634
634
634
1488
1488
1488
1488
685
1137
1137
487
487
487
487
487
487
487
178
178
696
696
696
696
1446
1473
612
612
612
612
612
612
186
798
798
798
798
1086
1086
219
219
481
481
292
763
763
891
891
891
891
1450
1450
1450
1450
1450
922
159
159
159
159
579
579
579
619
619
619
619
619
619
619
1396
1396
1396
1396
1396
1396
1396
547
547
547
547
28
444
444
444
444
444
444
1441
1441
1405
1405
96
96
96
96
96
96
174
174
174
522
1113
1113
1113
1113
1113
1338
844
903
903
903
627
627
627
627
49
993
993
993
993
993
993
993
657
657
381
381
381
381
381
381
18
18
18
18
1420
1011
1011
1011
1011
1011
1011
850
342
342
1470
1470
1470
507
507
507
507
507
645
645
645
645
645
1177
1177
1177
1177
1177
1177
268
268
268
268
727
727
1159
1159
1159
91
1272
1272
1272
1272
1272
1272
1074
807
807
465
465
465
465
465
1293
1293
1293
1293
1293
1293
1293
678
678
678
1212
1212
1212
1212
204
54
54
54
444
444
678
81
81
81
60
60
60
796
796
1194
1194
1194
1194
1194
1194
1194
1078
1078
1078
1078
1078
1078
1072
1072
1072
1072
1072
1072
1072
643
643
643
1248
1248
1248
1248
1248
1479
1479
1479
1479
795
186
186
483
483
762
762
276
276
276
276
825
825
153
153
153
153
153
153
729
729
985
985
985
985
985
985
985
1171
1171
1171
138
202
202
202
202
642
642
642
642
642
892
892
892
892
892
892
892
618
618
618
618
618
618
741
741
741
1368
1368
1368
1368
1368
1425
1425
1425
1425
1425
1425
309
309
471
471
471
471
471
471
994
994
994
1423
1423
1423
1423
1423
1423
348
348
1149
1149
1149
598
598
598
1170
1170
1170
1170
1053
1053
1053
1053
762
762
762
762
762
762
909
720
720
720
720
720
720
720
747
747
747
829
829
829
829
829
1129
1129
1129
1129
940
940
940
474
474
474
474
474
1485
1485
1485
1485
1485
814
814
814
814
814
598
598
598
598
598
598
18
18
18
1444
1444
1444
1444
1444
1444
1116
1116
1116
1116
1116
42
42
42
42
528
528
528
1162
795
478
478
387
387
387
387
387
387
1281
1281
1281
1281
1281
724
724
724
724
724
724
724
216
216
216
216
306
1158
1158
1158
1158
1158
1158
1158
124
124
124
124
124
1447
1206
1453
1453
1453
1453
1453
1453
1453
1293
1293
1293
1293
600
600
600
600
600
600
600
1270
1270
562
1489
1489
1489
1489
1489
316
316
316
316
316
316
316
21
21
21
21
21
21
21
48
48
48
48
48
70
70
70
627
627
627
627
627
1461
1461
1461
1461
1461
1461
472
472
472
472
91
1407
1407
1407
1407
261
261
261
261
231
231
786
786
786
786
750
750
750
750
750
750
532
532
1437
1437
1437
838
838
279
279
279
759
759
759
759
786
786
786
786
786
786
1473
1473
1473
1198
1198
1198
1198
1198
1198
1198
654
654
654
1092
1395
1395
1395
1395
102
102
759
759
855
855
855
13
13
13
354
354
354
354
1113
72
72
72
72
72
72
18
1143
1143
1143
1143
190
190
190
190
190
190
588
588
216
216
216
426
426
426
426
747
747
747
747
747
747
492
492
492
492
492
478
478
478
849
849
849
639
639
639
639
639
1324
1324
1324
1324
1324
789
789
789
789
789
789
789
588
588
588
588
588
828
828
828
1068
1068
112
112
112
112
112
112
993
993
993
993
993
993
513
513
513
513
513
513
513
1447
1447
39
39
39
39
39
999
999
999
999
351
351
351
351
351
351
621
621
621
936
936
936
936
405
367
367
367
1230
1230
1230
685
685
685
10
1404
1404
1404
1404
1404
1404
1404
786
61
61
61
1338
1338
1275
1275
1275
1275
1275
3
3
3
3
3
3
3
1387
1387
1387
1387
1387
1387
1224
1224
1224
1224
1224
1224
1224
294
294
294
294
294
859
859
859
859
859
1209
1209
1411
541
541
541
541
1062
1167
1167
237
237
237
657
1126
1126
1176
1176
1176
1176
1176
928
928
928
928
639
639
639
639
1134
1134
1134
1134
1161
1161
318
318
318
318
318
318
1102
1102
1102
306
306
306
306
306
306
306
405
405
405
405
405
405
405
28
28
28
28
28
28
28
837
837
837
837
837
837
837
730
730
730
730
1002
1002
223
223
10
10
1263
1263
1263
1263
1263
1263
1263
1275
1275
1275
1275
1275
1275
1273
102
981
981
981
981
981
981
981
804
804
804
804
804
804
804
648
648
648
648
307
307
1131
133
133
133
133
133
1059
1059
876
876
876
876
876
669
669
669
669
669
669
1458
1458
1458
1456
1456
1456
1456
1456
1456
1456
918
918
918
918
918
918
918
654
93
831
831
387
387
387
387
198
198
198
198
1318
1318
1318
1318
1318
1318
876
876
876
606
606
606
144
144
144
144
144
144
144
918
918
918
793
793
793
9
9
651
651
421
421
421
421
421
421
421
18
18
1200
1200
1200
1200
1200
1200
987
987
987
288
288
990
990
969
969
969
1272
1272
1272
952
952
952
952
1068
1068
1068
1068
1068
1068
409
409
409
409
108
108
108
108
108
108
3
3
3
3
3
3
1104
1104
1104
1104
408
408
408
408
408
408
1222
1222
1222
1222
121
121
121
121
121
121
774
774
1228
1228
843
843
843
843
843
72
72
94
94
94
94
94
1482
606
606
606
606
1375
1375
1375
1375
1375
7
7
7
7
573
573
573
573
573
573
1123
1123
1123
1474
63
63
63
1128
1128
1128
1128
1128
1128
532
532
532
532
564
865
865
865
865
33
33
33
279
279
279
279
826
826
826
826
697
697
789
789
789
789
789
789
789
1245
1245
1245
136
136
910
910
910
910
910
910
910
1167
1167
1167
1167
1167
283
283
1227
1227
1227
1227
1227
1227
1227
274
274
274
274
429
429
429
1458
1458
1458
1458
1458
1458
1458
145
145
145
145
145
145
145
759
759
759
759
759
759
835
835
835
835
835
835
484
484
484
484
484
484
484
903
903
903
928
928
928
928
928
928
928
294
294
294
294
294
294
294
81
81
81
81
81
81
991
991
991
991
1026
801
801
801
801
801
261
261
261
261
1336
1336
1336
1336
1336
1336
927
927
927
1197
1197
748
748
748
748
1335
1335
1335
1335
387
387
387
387
387
387
387
714
714
714
714
897
897
969
